  1.891269803         1.891269803        33.652575970
     1.891269803         5.673809409        33.652575970 
     1.891269803         9.456349015        33.652575970
     1.891269803        13.238888621        33.652575970
     5.673809409         1.891269803        24.037554264
     5.673809409         5.673809409        24.037554264
     5.673809409         9.456349015        24.037554264
     5.673809409        13.238888621        24.037554264
     9.456349015         1.891269803        14.422532558
     9.456349015         5.673809409        14.422532558
     9.456349015         9.456349015        14.422532558
     9.456349015        13.238888621        14.422532558
    13.238888621         1.891269803         4.807510853
    13.238888621         5.673809409         4.807510853
    13.238888621         9.456349015         4.807510853
    13.238888621        13.238888621         4.807510853
     1.891269803         0.000000000        36.056331396
     1.891269803         3.782539606        36.056331396
     1.891269803         7.565079212        36.056331396
     1.891269803        11.347618818        36.056331396
     5.673809409         0.000000000        26.441309690
     5.673809409         3.782539606        26.441309690
     5.673809409         7.565079212        26.441309690
     5.673809409        11.347618818        26.441309690
     9.456349015         0.000000000        16.826287985
     9.456349015         3.782539606        16.826287985
     9.456349015         7.565079212        16.826287985
     9.456349015        11.347618818        16.826287985
    13.238888621         0.000000000         7.211266279
    13.238888621         3.782539606         7.211266279
    13.238888621         7.565079212         7.211266279
    13.238888621        11.347618818         7.211266279
     3.782539606         0.000000000        28.845065117
     3.782539606         3.782539606        28.845065117
     3.782539606         7.565079212        28.845065117
     3.782539606        11.347618818        28.845065117
     7.565079212         0.000000000        19.230043411
     7.565079212         3.782539606        19.230043411
     7.565079212         7.565079212        19.230043411
     7.565079212        11.347618818        19.230043411
    11.347618818         0.000000000         9.615021706
    11.347618818         3.782539606         9.615021706
    11.347618818         7.565079212         9.615021706
    11.347618818        11.347618818         9.615021706
     3.782539606         1.891269803        31.248820543
     3.782539606         5.673809409        31.248820543
     3.782539606         9.456349015        31.248820543
     3.782539606        13.238888621        31.248820543
     7.565079212         1.891269803        21.633798838
     7.565079212         5.673809409        21.633798838
     7.565079212         9.456349015        21.633798838
     7.565079212        13.238888621        21.633798838
    11.347618818         1.891269803        12.018777132
    11.347618818         5.673809409        12.018777132
    11.347618818         9.456349015        12.018777132
    11.347618818        13.238888621        12.018777132
     3.782539606         1.891269803        33.240592752
     3.782539606         5.673809409        33.240592752
     3.782539606         9.456349015        33.240592752
     3.782539606        13.238888621        33.240592752
     7.565079212         1.891269803        23.625571047
     7.565079212         5.673809409        23.625571047
     7.565079212         9.456349015        23.625571047
     7.565079212        13.238888621        23.625571047
    11.347618818         1.891269803        14.010549341
    11.347618818         5.673809409        14.010549341
    11.347618818         9.456349015        14.010549341
    11.347618818        13.238888621        14.010549341
     1.891269803         1.891269803        35.644348179
     1.891269803         5.673809409        35.644348179
     1.891269803         9.456349015        35.644348179
     1.891269803        13.238888621        35.644348179
     5.673809409         1.891269803        26.029326473
     5.673809409         5.673809409        26.029326473
     5.673809409         9.456349015        26.029326473
     5.673809409        13.238888621        26.029326473
     9.456349015         1.891269803        16.414304768
     9.456349015         5.673809409        16.414304768
     9.456349015         9.456349015        16.414304768
     9.456349015        13.238888621        16.414304768
    13.238888621         1.891269803         6.799283062
    13.238888621         5.673809409         6.799283062
    13.238888621         9.456349015         6.799283062
    13.238888621        13.238888621         6.799283062
     1.891269803         0.000000000        34.064559187
     1.891269803         3.782539606        34.064559187
     1.891269803         7.565079212        34.064559187
     1.891269803        11.347618818        34.064559187
     5.673809409         0.000000000        24.449537481
     5.673809409         3.782539606        24.449537481
     5.673809409         7.565079212        24.449537481
     5.673809409        11.347618818        24.449537481
     9.456349015         0.000000000        14.834515776
     9.456349015         3.782539606        14.834515776
     9.456349015         7.565079212        14.834515776
     9.456349015        11.347618818        14.834515776
    13.238888621         0.000000000         5.219494070
    13.238888621         3.782539606         5.219494070
    13.238888621         7.565079212         5.219494070
    13.238888621        11.347618818         5.219494070
     3.782539606         0.000000000        26.853292908
     3.782539606         3.782539606        26.853292908
     3.782539606         7.565079212        26.853292908
     3.782539606        11.347618818        26.853292908
     7.565079212         0.000000000        17.238271202
     7.565079212         3.782539606        17.238271202
     7.565079212         7.565079212        17.238271202
     7.565079212        11.347618818        17.238271202
    11.347618818         0.000000000         7.623249496
    11.347618818         3.782539606         7.623249496
    11.347618818         7.565079212         7.623249496
    11.347618818        11.347618818         7.623249496
     5.673809409         0.000000000        28.433081900
     5.673809409         3.782539606        28.433081900
     5.673809409         7.565079212        28.433081900
     5.673809409        11.347618818        28.433081900
     9.456349015         0.000000000        18.818060194
     9.456349015         3.782539606        18.818060194
     9.456349015         7.565079212        18.818060194
     9.456349015        11.347618818        18.818060194
    13.238888621         0.000000000         9.203038488
    13.238888621         3.782539606         9.203038488
    13.238888621         7.565079212         9.203038488
    13.238888621        11.347618818         9.203038488
     3.782539606         0.000000000        30.836837326
     3.782539606         3.782539606        30.836837326
     3.782539606         7.565079212        30.836837326
     3.782539606        11.347618818        30.836837326
     7.565079212         0.000000000        21.221815620
     7.565079212         3.782539606        21.221815620
     7.565079212         7.565079212        21.221815620
     7.565079212        11.347618818        21.221815620
    11.347618818         0.000000000        11.606793915
    11.347618818         3.782539606        11.606793915
    11.347618818         7.565079212        11.606793915
    11.347618818        11.347618818        11.606793915
     3.782539606         1.891269803        29.257048334
     3.782539606         5.673809409        29.257048334
     3.782539606         9.456349015        29.257048334
     3.782539606        13.238888621        29.257048334
     7.565079212         1.891269803        19.642026628
     7.565079212         5.673809409        19.642026628
     7.565079212         9.456349015        19.642026628
     7.565079212        13.238888621        19.642026628
    11.347618818         1.891269803        10.027004923
    11.347618818         5.673809409        10.027004923
    11.347618818         9.456349015        10.027004923
    11.347618818        13.238888621        10.027004923
     1.891269803         1.891269803        31.660803760
     1.891269803         5.673809409        31.660803760
     1.891269803         9.456349015        31.660803760
     1.891269803        13.238888621        31.660803760
     5.673809409         1.891269803        22.045782055
     5.673809409         5.673809409        22.045782055
     5.673809409         9.456349015        22.045782055
     5.673809409        13.238888621        22.045782055
     9.456349015         1.891269803        12.430760349
     9.456349015         5.673809409        12.430760349
     9.456349015         9.456349015        12.430760349
     9.456349015        13.238888621        12.430760349
